177
14
65
82
8
11
82
27
95
24
63
131
70
55
161
146
183
21
99
198
39
161
115
133
145
174
47
90
126
135
121
160
111
190
66
52
11
166
189
25
24
20
127
84
115
20
54
136
103
75
185
62
144
199
86
169
138
110
40
154
129
179
119
158
169
177
116
168
20
127
150
92
170
178
34
70
197
180
45
50
142
187
89
94
171
44
54
132
147
121
152
116
119
38
184
83
40
38
20
132
51
153
117
98
145
181
21
102
92
25
79
183
9
138
178
49
34
85
119
188
69
51
122
57
163
166
40
48
124
185
62
90
111
182
35
200
153
35
129
123
111
69
51
89
192
124
160
82
8
118
102
195
32
99
195
88
123
42
32
123
42
69
104
111
186
70
6
5
33
12
93
69
191
111
174
192
72
153
138
71
158
132
129
161
77
27
119
94
111
137
9
150
75
70
187
55
191
128
115
18
150
59
32
158
164
65
93
181
20
39
192
96
175
34
7
110
62
114
10
165
51
86
85
18
138
55
36
151
49
84
35
196
143
188
131
182
102
154
124
162
1
68
171
112
16
7
122
119
168
175
48
60
191
50
177
124
36
105
92
119
11
117
148
106
39
29
91
142
124
158
195
188
20
40
43
94
63
108
176
16
131
114
140
168
63
38
51
185
193
143
50
25
115
51
159
15
139
111
104
100
125
86
103
184
78
55
175
53
116
63
134
168
140
22
186
61
68
87
147
172
132
51
136
45
119
10
20
54
38
132
150
180
112
166
200
47
98
176
129
34
33
114
2
148
135
78
156
132
72
1
22
174
16
8
33
152
29
115
146
70
155
19
28
108
60
156
166
70
115
169
176
51
8
160
117
120
184
8
66
186
61
66
123
39
138
48
8
38
189
5
78
30
195
8
55
184
67
153
125
152
94
23
16
189
96
45
99
111
193
190
161
136
70
13
49
34
195
180
50
85
175
163
115
106
88
198
32
164
125
98
152
87
126
125
122
37
65
80
14
33
96
46
184
110
154
91
34
152
89
187
161
152
117
174
21
184
159
80
89
20
62
94
135
166
65
122
24
76
118
105
160
84
162
16
26
49
19
51
123
26
22
31
77
10
108
112
130
41
147
66
56
114
71
21
49
141
196
29
39
64
160
51
104
21
90
84
185
126
56
20
197
14
121
102
58
15
28
167
66
72
84
183
54
14
138
109
78
106
36
45
127
105
34
80
14
27
150
126
127
8
32
80
87
153
21
18
61
171
6
176
82
160
68
59
135
159
106
90
33
183
186
158
95
85
72
76
20
181
65
143
98
51
112
116
98
82
38
152
191
165
158
188
143
36
61
141
60
140
4
119
200
94
107
116
189
172
110
16
20
173
143
64
80
196
113
155
88
156
125
92
57
83
81
65
171
55
131
102
129
196
82
51
188
167
86
172
105
40
102
14
163
136
190
195
45
194
25
188
83
129
176
190
111
163
75
9
69
48
77
159
75
22
169
13
96
20
40
10
84
186
194
184
84
13
196
44
64
122
188
40
77
93
51
131
177
114
156
135
23
200
60
132
96
78
77
191
95
35
51
52
88
26
106
124
171
106
114
198
5
177
58
94
39
78
16
43
118
12
49
147
171
20
171
23
145
150
57
123
73
148
196
42
18
193
24
154
110
172
58
139
94
27
28
6
191
119
100
65
185
113
153
105
34
16
95
104
157
85
183
36
145
200
5
187
51
183
136
28
171
31
39
15
118
49
38
57
157
130
185
176
180
177
169
64
17
24
183
108
115
154
66
74
126
58
58
39
196
187
102
9
13
34
120
162
170
40
145
174
65
159
29
30
92
125
22
63
99
136
111
31
114
119
82
174
190
88
17
143
115
119
35
72
191
187
82
152
88
122
20
53
27
88
196
65
104
34
24
78
120
66
95
86
87
32
39
177
136
140
135
195
44
70
14
60
20
146
88
91
11
180
9
186
146
156
169
115
16
67
171
52
140
135
78
7
160
114
98
190
200
129
154
96
120
14
23
122
108
118
45
35
56
13
46
82
105
189
116
157
88
162
189
35
136
137
117
186
16
36
3
183
8
176
46
143
122
58
141
89
153
126
138
94
111
7
124
66
192
66
74
87
124
93
144
68
197
152
82
95
160
179
30
58
120
178
197
129
186
18
82
107
161
93
55
111
53
72
92
33
189
198
40
68
149
85
150
166
148
80
106
162
37
69
72
125
116
43
195
169
46
156
69
117
180
141
8
85
74
40
66
93
4
184
24
60
174
98
69
41
51
22
115
32
88
29
9
186
116
106
133
29
46
27
183
112
24
76
122
186
123
80
190
61
27
122
118
174
149
141
150
124
39
147
189
61
90
178
161
66
132
179
121
91
44
60
17
186
165
119
96
166
115
144
197
94
165
80
78
53
145
172
180
184
112
190
143
66
12
191
171
15
4
65
180
197
45
189
111
68
17
4
189
106
106
138
122
115
48
29
164
26
62
111
182
77
184
41
135
110
158
92
143
116
40
160
135
12
19
93
16
146
95
60
50
42
151
190
81
195
116
75
38
67
34
194
145
60
198
66
30
100
189
85
2
93
189
169
8
150
62
44
67
198
145
110
48
161
76
162
61
138
188
25
162
93
101
21
115
57
51
47
118
119
72
60
152
58
68
149
185
60
175
26
26
55
6
29
177
145
168
69
94
71
196
186
154
194
75
15
163
155
153
166
86
200
110
92
138
57
48
71
102
27
129
57
25
177
104
82
155
176
35
77
140
86
105
105
197
45
52
57
142
140
129
134
71
178
141
38
48
125
36
52
140
128
146
140
1
27
195
12
63
64
191
143
192
95
56
78
27
154
62
18
26
40
156
158
79
180
125
176
147
5
145
153
198
196
102
187
109
178
130
123
14
2
152
32
128
60
39
198
129
128
43
174
38
98
9
143
73
190
172
120
32
27
75
47
51
39
98
74
11
185
123
92
49
53
200
28
58
140
58
88
192
57
12
128
154
9
144
164
177
78
26
72
30
57
103
91
74
162
104
196
22
72
146
163
153
20
154
50
54
91
109
128
111
81
88
68
116
157
72
155
155
66
165
112
151
190
115
70
65
98
184
150
76
109
46
104
195
196
94
154
83
4
141
34
58
63
174
87
103
190
178
112
15
14
71
122
110
180
129
103
182
26
104
175
114
180
197
178
64
178
85
152
74
139
171
36
120
54
80
29
88
8
30
38
40
119
77
151
124
198
57
28
166
5
200
159
177
144
90
68
86
57
13
129
122
44
94
81
121
6
126
76
66
59
68
117
104
178
42
106
137
154
76
52
121
185
40
5
60
122
171
21
49
87
173
174
98
198
93
16
160
130
179
21
119
168
57
148
113
65
188
40
174
81
33
70
113
126
122
178
106
64
125
110
195
120
35
44
45
23
184
108
42
188
84
198
102
106
62
24
142
155
115
103
84
114
152
44
18
84
35
60
115
55
58
36
197
126
100
15
147
198
57
16
22
84
144
75
6
191
8
9
27
55
73
91
4
20
144
112
191
164
126
99
44
24
28
56
2
128
153
161
102
1
45
172
166
77
165
37
143
145
30
85
179
159
99
65
172
154
62
135
171
200
166
184
120
99
149
159
49
66
56
56
190
91
155
162
186
171
71
180
119
160
192
6
61
198
77
104
99
157
10
184
120
121
35
33
174
170
85
42
144
6
144
138
122
167
15
55
123
48
61
65
58
171
188
165
198
22
158
88
16
158
176
80
130
82
69
93
73
32
24
88
135
177
8
154
155
111
94
95
89
74
4
120
124
39
41
57
132
143
187
180
143
118
104
111
39
27
23
155
76
95
30
137
48
36
99
84
164
59
187
60
111
142
56
124
84
89
115
129
62
119
65
135
151
52
108
55
98
2
12
115
85
159
70
168
87
51
143
58
96
111
49
14
64
106
90
183
187
39
38
47
94
98
129
154
42
26
122
178
154
88
48
145
135
152
138
145
117
22
144
91
112
146
18
157
85
69
60
55
17
54
121
35
144
58
88
54
78
111
68
8
51
192
192
43
114
140
68
44
56
170
134
36
137
155
188
148
26
149
117
138
49
12
72
143
171
113
174
32
140
132
39
157
111
128
153
164
141
94
8
104
70
127
169
98
122
108
79
184
64
112
106
145
181
10
140
81
76
79
104
39
187
15
112
51
54
191
28
195
189
32
164
152
136
91
87
68
74
131
94
86
198
145
126
172
130
60
93
42
48
27
134
110
80
49
175
85
128
171
169
175
199
117
4
102
34
10
126
87
113
136
16
48
148
44
73
188
148
168
28
164
189
185
39
172
191
105
71
46
47
24
68
39
93
181
176
183
117
48
87
132
89
104
93
122
143
3
18
160
87
123
42
112
167
184
142
62
51
148
169
175
190
196
16
28
200
115
18
21
14
7
152
155
116
87
114
160
14
22
159
73
140
104
194
74
127
186
170
80
16
126
89
40
128
152
99
158
96
75
181
57
33
52
80
182
18
74
138
168
91
49
45
111
168
112
90
166
82
31
122
12
93
56
153
173
126
188
141
177
42
89
187
80
129
92
115
106
151
136
168
46
185
108
137
54
8
125
190
113
118
117
116
172
1
18
55
126
8
54
156
80
14
121
190
20
38
199
169
54
148
159
38
168
87
16
169
180
120
116
181
153
51
48
145
35
34
68
6
86
192
79
161
129
33
166
176
36
92
165
6
59
147
174
106
116
40
177
138
164
94
125
75
165
6
2
99
160
116
39
43
50
153
161
84
78
125
79
57
112
54
96
69
23
123
138
150
138
111
139
9
4
165
10
163
170
18
190
124
49
136
59
85
158
28
66
120
77
170
194
146
152
109
6
132
140
76
157
15
52
42
88
175
11
92
99
192
132
144
181
121
76
172
34
104
171
105
114
47
65
156
141
46
131
93
125
12
110
27
104
157
98
72
168
93
124
90
95
129
170
197
45
18
98
177
138
10
77
138
52
137
128
121
80
177
159
88
168
81
84
148
154
66
66
93
36
91
56
143
144
185
163
10
175
108
102
169
129
5
133
198
88
21
181
189
140
180
185
16
153
182
157
196
45
82
144
5
22
180
168
150
126
180
82
28
136
151
69
133
100
186
52
100
52
4
52
91
103
28
125
158
138
188
62
90
55
30
3
20
40
182
94
20
126
153
132
177
200
152
89
22
138
46
148
43
186
134
100
62
135
72
53
46
128
104
143
39
170
175
168
6
12
163
56
118
178
93
86
195
89
65
148
162
75
116
41
42
64
92
128
173
150
72
188
116
151
20
38
185
35
54
188
32
79
138
141
175
91
62
4
155
107
64
82
138
182
19
162
146
56
42
72
84
10
193
111
76
194
55
67
85
106
121
161
85
2
111
10
38
169
146
119
200
133
81
166
41
117
112
120
21
83
24
122
9
48
16
117
184
44
101
85
126
6
114
101
170
182
86
28
104
187
107
92
84
92
81
57
174
18
155
84
106
52
144
182
178
112
170
196
198
103
81
96
189
49
104
130
156
134
162
18
31
125
72
40
62
32
148
24
37
135
184
42
123
58
52
121
64
75
159
50
93
54
34
67
194
42
45
69
43
186
148
93
9
184
33
10
48
62
21
27
120
63
188
136
15
69
86
159
147
80
63
15
90
168
189
18
159
166
134
22
154
114
7
27
105
93
81
115
67
156
116
175
14
98
33
193
27
143
160
82
154
64
32
36
61
132
164
69
91
78
53
55
102
128
174
185
69
55
160
190
83
194
92
22
128
98
99
23
186
154
52
42
22
34
110
60
105
144
128
123
86
38
64
112
4
14
107
48
50
142
88
94
191
128
142
26
128
158
195
73
12
35
125
158
138
6
140
182
88
74
33
92
96
34
49
34
4
1
62
70
119
35
151
117
32
99
27
2
143
135
12
136
121
98
44
126
113
121
18
34
146
43
161
115
74
74
35
70
146
13
60
128
32
44
26
125
63
126
20
77
77
42
71
94
70
6
84
170
99
88
40
41
161
144
46
8
49
63
48
24
199
96
165
49
112
7
146
105
171
133
179
68
68
187
148
190
188
8
167
25
200
160
196
185
38
125
26
16
51
171
88
6
87
79
141
74
99
49
113
200
21
115
12
43
111
177
84
33
141
50
47
60
111
4
115
27
97
77
76
66
105
37
156
175
142
82
111
73
91
124
200
75
99
86
42
7
124
129
24
64
5
96
80
198
64
26
146
104
44
184
175
144
197
46
15
40
15
72
90
141
119
177
162
30
88
72
81
92
12
125
94
117
131
84
147
192
166
59
155
183
72
63
97
143
186
8
90
31
166
28
81
14
108
19
128
130
90
119
22
19
69
68
94
25
102
167
177
104
56
153
175
58
61
126
85
78
42
155
103
159
125
57
119
31
188
200
85
176
141
186
114
85
145
125
120
7
39
9
58
154
20
102
14
65
80
182
185
49
90
96
188
61
124
66
112
183
41
178
143
186
44
142
92
177
27
8
38
186
4
91
122
87
61
62
78
120
82
68
92
121
88
188
200
134
124
117
193
128
14
190
100
31
117
63
123
111
180
33
185
166
99
29
140
144
155
119
41
165
182
50
56
198
57
119
165
20
91
154
88
72
10
6
135
166
122
61
28
20
134
44
4
189
162
138
155
79
60
44
30
9
191
57
146
105
30
85
151
9
166
6
26
57
72
140
102
184
169
99
63
173
35
155
196
120
39
50
113
87
87
90
94
174
122
158
82
175
66
35
14
152
169
18
44
54
178
82
8
97
85
153
34
15
143
112
199
36
96
64
169
155
86
189
148
139
172
51
50
160
183
106
184
172
166
123
27
170
82
93
67
30
164
196
74
96
105
198
137
140
4
66
169
174
4
116
32
85
103
180
154
93
6
94
91
198
155
3
145
38
80
116
7
108
170
189
171
34
7
180
142
171
65
15
88
134
200
14
152
95
153
135
176
170
132
148
86
165
116
5
63
129
56
184
191
64
106
147
129
87
184
80
55
50
4
43
192
10
135
165
125
77
192
147
161
133
73
45
87
125
27
13
70
56
92
50
126
175
41
62
82
183
174
63
77
41
68
50
20
111
193
116
69
8
195
94
78
64
108
7
152
50
92
21
168
175
33
79
120
186
8
9
133
133
137
87
75
111
141
190
80
102
179
198
115
51
152
66
175
110
104
116
146
39
140
125
1
15
49
172
55
60
47
125
182
4
182
157
69
164
141
118
70
64
32
74
156
121
11
185
85
102
154
105
5
28
148
39
87
61
171
141
66
108
31
42
82
96
120
1
148
63
65
98
199
186
142
22
150
110
24
74
72
120
154
93
40
191
187
161
24
147
177
138
9
57
170
184
127
190
196
81
120
34
181
49
35
30
40
72
133
140
166
27
94
92
99
129
97
86
110
100
190
149
105
129
144
65
144
170
183
139
168
72
125
169
112
46
29
26
75
153
108
8
151
176
168
153
78
185
81
96
195
8
94
131
91
153
42
170
106
200
33
22
