dazij
2.0118981856020155
3.4668210852494368
2.573601333151564
dfazp
2.3523979308642424
5.940074666515799
60.154230946222306
jgafz
1.5040712844981226
3.9708452399465437
7.908465143795581
jdjp
2.5577490785449775
8.008189317577902
76.21350620493024
azdp
2.9374103700718783
4.507588653570167
66.53764376872061
azjfp
1.2558849779783867
8.746782466930597
38.79167230680692
oajzp
2.995660347072838
2.0813201182753813
86.46760090863556
fajzp
1.1536095993230049
7.8070837681736025
17.44340401965398
vfjp
4.28499718564019
5.717263073372091
24.202122790347527
ezovjibvhj
3.7550942093143194
1.3309509232584227
96.56205543258986
qehjp
1.3317840785160358
3.4856432428127393
84.26670727024903
grehjbgporhqebv
2.658243700339188
9.596027852259947
90.17906515724695
prhje
3.438759639049313
6.302073648678689
90.9440625102112
bprjqep
2.473593573012329
5.991656154695013
59.49520464281723
bjeqrp
4.156901765373917
5.508257941326269
74.48466765096086
bje
4.006945427532868
9.967516195947846
43.09435521569061
bprje
1.08165642890174
6.036402411246424
50.059814531006495
bprjep
4.442312051271468
4.057510342852495
97.09011347352728
brjep
1.9817991070866081
4.277674516827751
8.791272309380007
bjrepbijp
2.4681462561419076
3.631912231784632
17.65455872252922
ijazpfjivezp
2.2770090359986033
2.8288342333956566
43.135851935093235
vjezp
3.498780712307576
7.794326851967819
61.50515100165695
ivjezp
2.8801261807809055
4.216130286872974
85.31139036986455
vjp
3.200524345551853
7.480768295096681
1.403810108494397
ezbjierp
3.5509747455141656
6.4174868905587275
68.43431182126149
bjep
2.545279928598307
6.300975032673602
10.803140983520043
qbjrepbjpr
2.588343894704164
1.9536873630270368
99.19393795992264
eibje
2.648798680482668
5.009465226080766
66.30532127919454
rjepbjrebp
3.4715212225940904
2.1190231385258818
19.757162187498576
ejbp
2.4216671734225503
1.661908535105556
53.178744773736646
rebp
1.9815598342306582
9.802877398143275
72.75222366420233
ejbpr
3.0361093129212087
5.321911161804092
80.06488347475124
ejbrep
3.872330034749579
3.6018124871953026
71.6547530463879
bjr
1.51655602864425
6.1578672523226885
16.379282695806843
e
2.2134506707014046
9.889688575168078
63.498324670184516
dazij
3.797856823361382
1.216338866110457
41.93041829918831
dfazp
3.6189695669693163
4.933505725012916
1.5962433189378298
jgafz
2.631280479474625
4.67401714540431
70.58392310476566
jdjp
4.936941672987256
6.625623764211233
68.83351409939462
azdp
3.9567197675180137
3.3286052004453377
37.91036559010506
azjfp
3.4603418781125543
7.966534970628622
43.30292301385064
oajzp
3.7803617552236912
2.869458756931145
60.42095963715619
fajzp
1.6271757253620192
2.5307046393843255
68.01680503041041
vfjp
4.077342574629117
6.795670846797629
84.19664153161939
ezovjibvhj
3.507221927656012
3.181327864672384
98.48594865597396
qehjp
1.4138198822419779
7.886256847046245
36.516909599719746
grehjbgporhqebv
2.971248922853893
1.2623257176862284
37.80148240659369
prhje
3.9487955342486867
4.992941449267832
64.77591834944768
bprjqep
3.146419377143451
3.2424997871486365
41.2337889796343
bjeqrp
1.8516363337636936
2.3977703348841857
2.2012120301287488
bje
3.6650606999949353
2.6542192696865
34.63991356845071
bprje
2.4527977691183067
4.371010710140054
80.94857567216042
bprjep
2.993155633091505
7.087039296351849
98.95495118803122
brjep
2.2831727858098074
4.895953576287486
15.396004938488396
bjrepbijp
4.342944871205353
7.110602221239734
13.615965927993347
ijazpfjivezp
4.7266869901920785
9.428046512413689
75.83258547212803
vjezp
4.150765848877969
5.809343078838675
47.77724065795798
ivjezp
3.2604060537782242
4.9727189032980315
40.92057915702085
vjp
3.3983781749284625
8.758325739441155
52.65483374279457
ezbjierp
2.001335763280563
4.943220646854515
24.44750013744866
bjep
2.2580130687037294
1.50099815928677
48.15254405009392
qbjrepbjpr
3.69722455450348
4.578951065478524
17.203265488035267
eibje
2.269440744754094
6.165222026628832
38.244242342713314
rjepbjrebp
4.71259001994512
7.117368399740957
74.9690177855645
ejbp
3.661144572016966
4.502838988535088
82.29401426019223
rebp
2.1177726556040244
9.730163971834974
30.86813455702242
ejbpr
3.1722702008419614
9.924102470268272
41.86060407630919
ejbrep
2.4943844413103617
1.653989062845509
23.594236758770496
bjr
1.05660372707887
1.6857174490217064
11.196283102961214
e
2.1120693767416454
1.8195777584257333
73.23825120766115
dazij
1.9099836994057169
8.06517698611282
33.08482141366485
dfazp
3.317423516692592
2.6590913706146675
19.33113388826606
jgafz
1.018318730677831
6.2554921807651
68.31467041143156
jdjp
3.23856138970604
3.697573392977951
65.62339930656017
azdp
2.829540576397558
8.392925647754804
83.10957672668442
azjfp
3.195201385003102
4.014169916290543
81.86626310925351
oajzp
1.4982731864159597
4.3468133740146
34.88408367188716
fajzp
3.921445426411504
5.0304059464362885
74.963547373607
vfjp
3.2244316530206896
3.0983994344824164
2.787967420780052
ezovjibvhj
1.0044042186735007
9.83143668173135
9.437702988371917
qehjp
4.1681956849256085
8.711483236878038
67.12794380155555
grehjbgporhqebv
3.528583630068453
5.9448483583091525
62.558741806016386
prhje
2.4076986969051624
5.442730596597488
43.93313568482598
bprjqep
3.681184500243683
1.7298135944997828
72.08514039581759
bjeqrp
2.7813954008384134
6.801824656241025
23.06840123641064
bje
2.805912717159554
3.654210485287941
39.35610076121747
bprje
4.7360116410067326
6.781341069534474
91.90908005868208
bprjep
3.173988445840067
6.3475285137300865
27.95169146788997
brjep
3.9318395518313336
9.75845631861413
3.7239373394756137
bjrepbijp
2.83849795445386
6.633522893430872
32.5788716001494
ijazpfjivezp
2.3903996883070184
3.333177520458892
92.37872916715575
vjezp
3.121423981946102
8.613788199721785
7.331052492649761
ivjezp
2.7319335806286387
9.716645662116727
54.08757074122599
vjp
1.3551237794756021
2.164893454164962
1.946004313298384
ezbjierp
1.5928097734660671
8.821390405513277
71.61042438387236
bjep
2.4958852337938096
8.081741622634032
4.604292268053682
qbjrepbjpr
3.128993358389183
3.1946477957362074
8.071309759993357
eibje
4.516683675528213
4.257881541424709
20.977328051331174
rjepbjrebp
3.2078773422600344
9.756965675030209
97.72297116366373
ejbp
4.56459175634557
1.0765986554278326
75.50918015194749
rebp
1.8902790088156882
9.422087845209946
70.68655723539521
ejbpr
4.457341409219181
4.7638559915886525
35.7481830236459
ejbrep
4.378131378005937
2.458928551575271
68.44664555976937
bjr
4.298956757347331
4.172354224931633
10.412624157112294
e
4.140749146663698
8.551626885333807
30.50718034335175
dazij
1.7038972442351619
7.92960173435274
86.3494052312664
dfazp
1.6809900751905724
9.681072169232397
18.938603267380422
jgafz
4.97067427380679
8.449749775105417
14.698110325520439
jdjp
1.701028954590262
8.0990432158923
64.6737142951842
azdp
4.934699454523635
4.778844770856
80.70084685820531
azjfp
2.4356097645666948
5.933876556524757
36.34894494120413
oajzp
3.2055240872174657
7.948227072341295
31.98176233067379
fajzp
4.350456691247414
2.178753434539858
39.39216632931426
vfjp
2.4680025047892435
2.919871293362304
12.30988542391299
ezovjibvhj
1.4296140703024909
1.291091914438752
39.74555981693969
qehjp
1.2510991767906243
6.206086937525362
16.278992194718306
grehjbgporhqebv
1.5592812052343747
1.4749271675414812
29.35040523728452
prhje
1.0322341704087101
7.761721641472669
33.92641928020066
bprjqep
1.5252669536689223
1.0048504115427348
83.16352887462745
bjeqrp
3.617573513156446
7.94103951122298
3.2073786312773405
bje
1.8926542700904259
2.933298270422859
66.77796240893353
bprje
4.542052163899529
3.416866202384502
31.305103151552014
bprjep
1.7882731076593497
1.403752859217542
55.77482952898381
brjep
4.410911687321399
3.006537245910871
64.38057612128665
bjrepbijp
1.1761130993522242
1.8760413766921191
12.20240422261991
ijazpfjivezp
2.806154436490359
6.545939353486198
88.65888836383405
vjezp
1.8442582123686906
9.244908510129632
63.265111698050816
ivjezp
2.093266625900955
6.1579329903255555
23.078618596802112
vjp
1.9964095491955374
3.2252163300655914
25.774166367851258
ezbjierp
1.6224022891881953
9.45000297511954
66.47899887601972
bjep
1.405610031120962
1.8380933800929635
68.11855827099154
qbjrepbjpr
4.320721091263248
2.748157796862434
80.06984380632912
eibje
4.154427621287097
1.5488799331583765
99.83787221174373
rjepbjrebp
4.792811115799919
9.672647585857959
91.41500599255322
ejbp
1.917365773212389
8.829953443975201
55.93506045368755
rebp
3.3803201334237776
6.623464947501677
79.31012985059951
ejbpr
3.5052091418108593
9.904495381624043
33.976584453130904
ejbrep
1.3422257547849883
7.015342765199871
29.14694092633983
bjr
4.449055048316636
3.5671303434891275
2.6378837089729026
e
3.173503341791531
5.085333286431181
15.018245679384654
dazij
2.551975944519008
4.721413735778231
68.34259951400858
dfazp
1.8218178414470065
9.605059415409958
26.88767699851538
jgafz
3.141604312788944
1.985638631142315
97.56362156692121
jdjp
1.9753015127608688
5.074785746047962
26.40589738815748
azdp
2.6083152269771435
9.36239714240415
8.4814115274088
azjfp
4.396863004290484
3.806571972486708
60.60769441073184
oajzp
1.3657202812360274
5.018813370947013
4.8413980381094746
fajzp
3.3118242265792097
3.290277047650912
53.01572055497704
vfjp
1.2902211364436615
8.91686801512341
53.37126121330034
ezovjibvhj
1.4881083427142863
9.742250674746847
33.94540097413158
qehjp
2.048464366791326
9.663170405014355
87.70807079400353
grehjbgporhqebv
4.611450700234304
3.305705674250242
79.53557866593218
prhje
2.015182988093806
5.31563041385087
59.31228696344719
bprjqep
3.0824970625459382
5.059672622146547
21.44466150098273
bjeqrp
4.89291690744274
8.442937003605387
75.04767757881854
bje
2.7431801702930474
7.060637101258569
59.03873583950055
bprje
2.2107584953215316
1.313948229625939
77.99093504781125
bprjep
1.2684713505546092
3.3078204274215053
90.5389252020678
brjep
4.595626257930276
7.533893373243311
84.65043947697947
bjrepbijp
1.7132683482744944
3.294899734069317
61.57254536310985
ijazpfjivezp
1.9034945945340525
2.4608991106628832
98.72422578929789
vjezp
1.871587054466723
4.313655876364333
26.94786214723355
ivjezp
4.201558275780503
2.696154229184883
15.72749874797572
vjp
2.7924441857423576
8.241324437201854
9.837236504532129
ezbjierp
4.752533041073919
1.2707071045753289
80.99468777942813
bjep
3.857114933817753
2.440630947099861
86.03047017794998
qbjrepbjpr
3.323092151810581
8.076667941235694
92.68599946335651
eibje
4.253503307533367
1.2805164207607183
39.205853982624255
rjepbjrebp
4.933009909227993
5.199574428506209
95.98906435766933
ejbp
1.8830211925444824
5.200043630981298
11.432946299901122
rebp
4.264041055270259
3.0916773252912124
70.6168814004091
ejbpr
3.9758483367060653
5.927548387470465
59.08826825912186
ejbrep
1.627993961266169
7.9462698360769455
80.99992841595508
bjr
1.7807438658613313
1.9139472446017967
99.62154174961529
e
2.2565771132038734
3.7801208791628182
9.906664708589089
dazij
3.4739277044270573
5.621262656077641
58.09804394081039
dfazp
2.8771483081582745
8.168838106542976
30.160189549847285
jgafz
2.525650241665199
6.7316705919569335
57.77608833685424
jdjp
1.9506175867135789
5.238859027047351
53.94356302074836
azdp
3.403067837829922
4.643180560642956
76.10101572650294
azjfp
1.5052703852467109
1.6505945776599127
21.2063225742643
oajzp
1.4458848734261998
8.944725526470195
27.709875588329847
fajzp
3.9636016198408224
2.7978568892183113
9.524315649524622
vfjp
4.733070934015385
4.306933160252278
8.014689158569972
ezovjibvhj
4.978127278024585
2.046348661918268
60.54928974874761
qehjp
2.6882452551036504
9.348792329111753
21.640862969964278
grehjbgporhqebv
2.4181035388502496
6.988788512448515
14.712433806385462
prhje
1.0407596675872974
4.5210175208480194
2.0085979752457988
bprjqep
4.40154971724292
4.353590945618116
73.30110895884872
bjeqrp
3.016758615347615
3.3546151599184366
21.474544779754815
bje
4.660880899597065
1.0308171261045715
33.487034197418254
bprje
3.724742840688441
5.720424362481619
32.8872114969661
bprjep
1.2197558012122993
9.506897238611204
42.23033205005774
brjep
1.6236829107747193
9.76583986785191
15.11278694082035
bjrepbijp
1.1963386281147779
8.915718110461844
47.07872851665866
ijazpfjivezp
3.9552841955144773
4.463530252696252
91.39610158770478
vjezp
1.5075605477986338
9.351012663575927
26.235136983541093
ivjezp
2.8723430107607446
2.8343953151682024
85.2557842683914
vjp
2.02404116816388
6.900743145075452
64.56990540096359
ezbjierp
2.2028805111539054
4.075841973417333
93.18217438727986
bjep
4.536756688259633
3.8667346078269516
52.05131132459355
qbjrepbjpr
4.264521600285377
5.702263143373791
52.05764015253429
eibje
2.7384905342740247
8.576490408729235
67.73883526540462
rjepbjrebp
3.9431993904046365
3.3856601885954816
72.68057720842013
ejbp
3.17533992578129
9.75927594959247
65.77275467266679
rebp
2.7952343678615486
2.999853807869152
70.92243475778241
ejbpr
3.109288297706456
1.8740082494844148
70.52892890039111
ejbrep
3.2942728927781015
4.280256930393216
39.235983338804836
bjr
2.6328634670199875
5.96604468898798
41.60729956985165
e
1.307362988649996
5.949232988873096
98.35335410116211
dazij
3.802575680641595
9.97647506020311
15.873813278892687
dfazp
1.3659394694177576
8.810505686919079
88.50871358360058
jgafz
2.9656383622029496
8.301153410758134
69.89276926211643
jdjp
2.025839329863378
5.265471677711165
78.27948345143827
azdp
2.5055474029432805
8.4086118241968
64.85269048371515
azjfp
2.8988025511773188
6.994878299918136
56.34784754875358
oajzp
3.387052644920002
4.244811071772473
92.52977759823058
fajzp
2.6530145477164306
8.553620368655693
19.26828925999111
vfjp
4.539829252774658
5.499661102022737
26.955759259608886
ezovjibvhj
2.94309299164824
2.12017421723174
91.09504144791708
qehjp
1.5184518256010056
6.323302534164028
9.480095986797968
grehjbgporhqebv
4.4055458294126515
6.599929179429944
46.358338107322425
prhje
2.4505090761075943
1.9007269832461808
49.36392804036002
bprjqep
1.7232559153787617
6.986764634336344
53.4588899104537
bjeqrp
4.1227474876079
1.2879843979046655
54.42013452158356
bje
2.6791945348070265
2.5874278617752657
96.30599437575994
bprje
2.1122800531724497
3.051493037664584
74.57850968811353
bprjep
4.842860194515195
6.736732534400746
82.37171462713
brjep
2.4516368860633704
4.2395986511919475
99.09215587230723
bjrepbijp
2.6360300429196
4.205266974083709
32.441032017510295
ijazpfjivezp
3.6336709417607818
7.46339708001649
81.76795100631507
vjezp
3.361814035085935
9.248250973986234
42.532075147504095
ivjezp
2.0157492457698805
6.231233084848456
17.007844904309326
vjp
3.1668230777136754
6.320810342703906
2.4412178435176046
ezbjierp
4.64545756966628
8.069232703708261
66.23064790372021
bjep
2.9839462144311315
8.83816653892396
48.785676084229934
qbjrepbjpr
4.390416496694558
9.590958626079164
27.659074775571423
eibje
2.877783091064038
9.731564998121364
92.22146848784813
rjepbjrebp
2.747575503497828
1.2933701020200299
23.378307923200797
ejbp
2.1007998794788283
8.683419621237194
8.195792620755618
rebp
4.6418280602809405
2.1382813288105256
49.33342506039314
ejbpr
1.0699712866471423
7.941425039035507
19.201379953066983
ejbrep
3.190408130340372
3.4271844909402853
66.59455709957896
bjr
3.2940569716114094
5.642134372173603
80.52787889242332
e
4.404488041156517
3.9149439329837663
91.44912560232677
dazij
1.0291209442142186
5.377064567548971
69.31755546460302
dfazp
4.412706251462886
3.7706704179712482
86.82373538073149
jgafz
1.9181217011099032
2.0540191434938064
77.15516127463228
jdjp
3.5563704013571127
9.812822259459308
65.04622665808802
azdp
3.7954970904912626
6.69183070757447
26.477427119550835
azjfp
1.6629586973319062
4.564947145155125
89.0400584581003
oajzp
4.4132988270016185
2.180308580439233
88.83629747663014
fajzp
1.9643684941959547
5.948298163451416
75.52941435166288
vfjp
3.9803704035438656
4.407677411061682
64.0663403234409
ezovjibvhj
1.7786982177627828
1.9966258880730734
92.61221570814978
qehjp
4.325615277265047
9.98395427324963
30.120654698091396
grehjbgporhqebv
2.4856374881285666
7.495723777919278
44.01612731939448
prhje
1.2705290150355397
8.353647562291325
20.33857531478512
bprjqep
2.7467588499805515
8.36140532207417
24.3293382032746
bjeqrp
2.1064307136633875
6.843625100064862
90.92019325501063
bje
1.4547729512182719
9.00500162400753
61.521556095577104
bprje
2.311405807483814
2.6921447457048417
14.342102736884534
bprjep
2.753226545129009
3.5943754167837785
37.72132576358401
brjep
3.464011346168051
3.556744186919838
25.379143408795237
bjrepbijp
1.4138230557831526
2.9385018550333584
85.60013525139249
ijazpfjivezp
2.588955972822925
2.313736915638864
35.516495332549496
vjezp
4.1376576033748975
6.542451861533702
58.58301484098547
ivjezp
1.347191832271553
3.394909744415778
15.88185699614587
vjp
1.7845664824713645
1.5825513441836638
22.95518194640736
ezbjierp
3.06261236296696
7.37829223960363
60.028774486095394
bjep
4.496762380324815
3.1746848747518115
59.5374596338688
qbjrepbjpr
3.540758876709172
5.465490634692434
81.01621617910082
eibje
3.7018314214405694
2.004562402100374
75.05993715468591
rjepbjrebp
1.1296910646625937
2.8769111270321095
88.47609649071563
ejbp
1.4321696092165808
2.2134709255024907
21.073036752998423
rebp
3.337011489707891
5.210514988159025
74.02263903868852
ejbpr
4.521361997428604
9.674706700761284
36.549812317441905
ejbrep
3.0337785721343984
7.9696372475455215
98.13309170458287
bjr
2.2822641697388044
4.776933745979957
79.58459835956192
e
4.478465686143723
4.400262703205517
85.60111161475523
