459
372
711
857
207
575
309
890
789
30
452
55
289
2
214
526
519
908
627
216
774
945
272
473
708
698
608
736
5
230
418
567
389
994
784
595
487
6
735
622
788
1
928
968
704
515
660
258
504
794
481
608
197
482
457
947
556
443
596
899
28
327
132
924
687
188
524
292
702
738
473
540
317
244
387
59
12
84
895
765
588
52
115
779
714
335
628
854
11
929
736
450
523
198
246
723
107
643
732
617
870
164
284
350
382
164
87
593
206
120
807
510
40
261
626
413
7
948
892
252
676
647
66
120
320
488
290
82
937
932
689
545
559
881
910
739
139
524
850
329
441
983
246
317
466
198
974
542
998
643
475
122
63
936
948
181
578
327
522
197
692
415
992
366
11
970
157
602
990
377
712
674
500
40
761
79
934
578
404
207
149
960
328
478
662
97
534
466
509
861
93
690
386
225
20
372
561
669
469
314
740
952
41
392
84
657
702
955
402
73
913
160
623
887
252
134
926
269
948
214
761
198
938
124
101
935
101
417
602
471
539
999
181
379
769
93
945
197
34
809
631
868
18
448
679
350
182
750
736
740
780
956
280
304
891
564
20
372
548
367
340
221
145
666
866
747
525
944
82
511
153
377
547
845
119
551
530
589
315
876
762
612
636
135
424
801
371
760
947
989
679
354
613
705
674
764
200
828
264
608
516
660
771
344
505
639
455
915
863
769
688
473
906
753
360
887
97
90
864
89
500
168
390
158
444
592
465
728
987
313
993
532
410
708
335
166
834
982
739
378
81
411
964
120
877
218
840
348
77
9
188
216
907
824
303
558
823
553
217
827
609
6
826
908
778
115
322
275
990
478
432
390
783
644
733
112
490
464
233
948
453
356
155
435
980
939
256
852
823
193
950
821
775
717
369
340
936
480
929
856
474
955
504
747
594
105
566
717
952
413
209
100
245
156
633
72
242
826
726
886
208
303
591
429
58
24
996
101
978
38
256
803
561
143
752
676
674
505
822
190
450
503
98
817
353
424
154
171
27
612
287
401
235
694
262
430
874
938
568
608
845
430
116
676
782
297
49
882
20
432
874
68
576
423
511
180
228
661
715
961
407
626
577
775
56
614
310
836
552
318
466
345
389
980
603
449
836
192
516
20
587
109
725
102
94
495
515
648
449
801
308
476
529
454
342
176
66
494
882
159
128
970
862
822
378
212
13
561
177
381
530
535
614
679
2
43
526
485
642
831
458
875
966
494
659
324
880
361
87
752
226
745
545
255
95
344
928
192
119
766
279
648
914
656
283
223
773
789
58
319
118
839
932
949
878
859
383
161
516
86
287
86
116
121
302
575
455
50
596
951
476
609
48
97
9
889
30
525
250
42
603
866
706
620
616
6
805
328
753
816
403
729
7
180
22
333
769
326
597
960
541
658
692
868
213
566
631
903
507
584
145
616
753
943
27
592
503
82
39
200
381
697
489
471
465
997
368
360
494
137
678
463
427
701
870
265
214
423
408
342
621
555
213
464
502
666
118
486
90
673
806
545
778
14
754
240
241
626
714
16
515
908
473
570
672
169
654
577
911
826
392
800
931
763
866
228
444
101
879
503
809
60
358
569
568
577
960
516
406
288
292
685
496
931
416
539
475
479
307
854
790
80
488
747
18
594
756
418
58
493
860
971
867
573
645
951
668
65
116
76
32
977
317
627
551
204
109
448
543
5
2
577
36
162
139
825
514
399
569
548
624
52
155
25
672
639
671
626
835
712
766
64
937
572
775
842
930
580
965
780
445
438
342
583
407
196
544
971
646
721
38
96
291
588
650
906
948
87
553
985
856
485
287
907
888
210
640
267
943
869
369
249
336
447
554
71
250
193
12
290
206
108
745
655
841
790
424
123
223
516
37
720
809
386
110
108
483
73
508
438
780
112
232
94
507
157
6
684
852
125
733
840
810
389
477
694
198
61
402
729
83
856
828
114
723
201
344
691
896
818
893
284
679
855
162
437
24
72
301
998
375
771
638
66
927
103
35
371
933
648
508
144
211
529
49
167
778
903
517
706
89
311
578
152
638
711
334
30
777
645
1
619
596
89
311
471
663
69
538
322
712
508
695
883
986
764
111
26
615
775
267
931
971
769
203
958
952
574
720
619
880
404
601
844
173
806
505
640
964
286
781
731
166
31
321
256
119
254
922
268
874
428
168
486
949
103
362
645
253
505
337
181
699
913
726
367
882
586
453
590
278
515
785
871
749
662
808
305
314
83
547
280
761
228
31
947
747
655
975
859
426
691
310
738
234
447
323
297
827
865
807
637
56
938
326
627
197
902
343
265
326
643
62
944
32
760
491
144
749
939
703
89
107
587
346
998
871
524
238
717
868
669
914
743
354
81
428
644
155
848
993
993
42
685
982
157
979
303
568
480
981
729
827
648
674
407
718
44
679
602
576
59
230
120
3
302
446
360
657
926
387
430
730
997
331
25
350
13
122
259
839
299
244
417
968
827
966
161
816
208
346
898
794
874
422
282
322
403
880
52
209
504
551
223
605
692
57
969
501
175
106
447
754
551
262
777
925
248
424
620
155
863
936
970
151
89
581
30
377
897
407
374
474
433
604
757
413
64
663
186
737
670
707
210
492
675
680
112
339
738
480
497
646
669
981
972
690
299
639
673
713
696
484
451
544
504
42
855
37
355
293
162
840
127
166
116
184
839
365
683
83
815
928
70
43
148
8
60
692
776
823
242
337
1
3
972
364
231
479
227
623
655
721
473
997
545
775
409
689
52
903
513
826
387
819
709
592
644
92
689
955
763
200
713
83
487
885
438
836
19
623
609
619
761
911
303
212
169
550
899
203
48
392
680
619
532
282
242
362
998
929
257
377
866
505
182
196
838
775
72
39
704
14
254
114
97
526
547
343
90
749
545
602
303
86
793
437
670
313
225
492
715
471
633
911
632
957
534
993
674
678
590
765
347
137
539
789
40
754
231
309
330
829
613
104
212
553
338
576
337
666
609
208
454
588
394
274
685
403
870
351
90
487
171
561
426
180
510
705
798
506
873
431
817
339
46
720
248
29
621
656
672
828
376
513
544
55
719
706
218
245
144
166
285
765
108
934
691
391
956
668
453
742
973
548
595
516
973
218
494
743
511
914
175
119
322
86
791
477
128
746
618
294
34
922
785
123
502
591
931
876
994
288
268
269
892
58
29
438
623
314
410
48
409
397
744
382
603
611
128
56
283
414
935
756
979
942
174
151
168
55
473
183
465
447
231
557
888
117
128
313
121
183
742
635
911
264
355
70
858
962
106
226
798
825
587
908
326
272
672
249
489
612
359
581
922
844
719
645
503
344
597
566
539
276
97
942
947
155
318
58
272
401
932
662
466
556
556
964
902
27
906
263
434
168
426
456
480
455
193
924
882
450
173
77
185
19
86
243
851
272
498
683
526
472
377
658
529
50
439
190
567
167
500
281
565
810
661
890
204
850
726
666
700
14
459
102
958
285
530
515
686
895
78
622
485
987
862
15
282
827
723
375
169
251
593
249
18
284
561
134
330
723
75
895
680
126
402
924
134
672
531
822
940
279
167
70
273
895
187
475
153
564
68
373
812
760
279
647
731
283
556
386
98
295
413
73
592
855
104
753
907
211
835
974
500
495
461
322
182
705
642
671
491
395
875
149
387
207
623
79
631
746
89
659
430
123
380
477
847
553
115
871
34
120
398
912
143
906
526
664
342
265
865
422
363
399
599
670
934
625
699
117
384
804
397
891
240
470
972
623
318
248
385
153
525
912
515
83
829
59
754
119
930
350
201
400
755
637
815
648
138
763
695
512
373
783
958
319
443
147
555
776
745
836
449
344
549
747
881
686
967
239
781
835
212
900
992
924
514
995
917
926
523
835
715
779
282
964
427
853
352
543
51
199
453
673
252
250
67
345
862
97
199
983
314
371
530
436
410
323
157
915
449
111
867
596
622
654
395
452
750
158
562
405
630
218
257
491
805
504
974
857
624
81
326
975
963
707
859
953
113
731
615
301
766
101
456
352
996
957
155
225
580
403
364
542
561
754
107
961
155
422
466
645
441
946
151
688
465
630
820
750
515
467
78
112
966
57
874
738
963
69
20
923
86
915
879
352
127
210
161
799
805
357
692
360
345
522
461
219
62
439
322
447
836
580
710
335
396
82
540
144
729
30
856
472
579
38
957
106
85
60
35
958
990
27
133
799
649
807
493
667
548
862
778
937
444
465
468
480
996
589
92
927
95
122
857
615
74
139
987
815
802
897
966
401
161
149
459
385
947
177
884
894
462
431
822
703
440
793
953
912
18
125
749
688
773
618
764
768
859
421
532
327
963
252
871
256
969
79
407
38
622
696
59
299
736
662
215
548
62
812
439
407
672
135
333
332
480
602
196
705
449
223
856
738
416
501
740
464
208
837
16
112
241
340
485
490
143
507
697
830
562
739
526
208
878
331
593
476
614
454
358
714
741
166
737
422
340
337
657
241
53
529
695
511
353
125
665
426
647
804
476
609
37
597
201
899
600
947
503
901
669
580
78
387
581
392
300
77
780
650
641
741
571
609
375
594
744
72
881
783
658
736
971
971
627
807
678
849
736
518
768
675
759
12
313
347
625
740
736
696
648
654
531
583
900
615
685
141
680
225
530
265
755
229
575
830
556
92
282
964
255
373
793
306
940
366
671
21
835
45
107
914
420
942
933
914
494
981
85
893
38
935
18
665
951
477
596
847
797
144
537
332
691
432
209
259
253
168
576
804
151
200
601
504
543
564
902
730
891
364
609
497
110
884
168
517
555
432
776
811
371
418
12
121
441
120
530
806
209
150
296
437
943
978
613
334
141
298
585
115
541
130
463
973
432
207
612
160
504
240
799
616
773
757
51
845
433
840
398
871
215
414
297
375
153
667
524
209
556
285
135
358
763
582
253
200
365
344
950
494
221
822
618
574
437
463
222
479
271
43
589
79
283
846
851
486
727
429
111
683
730
644
537
486
581
315
818
445
380
736
878
521
568
163
118
585
469
890
530
710
770
584
974
924
108
202
834
415
172
894
661
89
708
568
456
693
451
145
699
630
748
945
464
837
989
794
874
43
253
209
471
99
258
398
856
549
136
578
605
515
340
372
104
147
167
440
263
595
841
513
595
720
217
334
742
767
876
143
420
574
740
57
577
259
302
994
847
518
668
828
298
819
187
385
80
636
212
390
600
305
861
939
273
966
7
164
599
536
587
956
20
176
913
645
945
678
454
400
170
222
194
601
667
695
455
591
953
34
171
295
30
300
83
647
672
941
589
396
606
106
114
372
390
449
950
666
330
935
866
811
144
91
188
738
211
672
214
538
418
877
459
999
474
613
729
797
300
245
231
528
920
444
179
102
564
223
949
745
547
166
690
779
430
995
385
611
229
474
664
195
940
820
676
112
950
990
164
801
407
192
708
588
238
977
882
528
305
782
620
819
85
464
137
816
639
670
132
767
225
476
294
644
868
953
651
269
179
917
852
268
863
487
214
562
906
742
457
244
205
42
377
887
735
352
537
658
991
659
303
813
893
672
313
968
555
770
126
573
849
317
327
379
139
852
406
675
657
875
940
730
600
748
34
827
795
516
632
114
152
800
642
235
233
887
82
555
196
532
17
464
751
658
359
139
756
470
576
382
415
118
539
675
245
375
535
977
100
555
10
838
895
397
935
114
877
265
261
435
431
439
326
731
141
778
306
240
297
776
704
834
852
818
942
902
455
975
914
147
694
88
670
969
659
872
951
370
641
939
468
629
691
904
42
689
316
941
585
78
775
501
864
629
13
110
453
803
778
219
370
506
992
264
403
574
385
725
666
14
124
350
869
320
475
897
346
437
283
114
634
652
770
36
535
821
480
862
740
656
482
509
886
912
50
380
292
816
192
464
708
461
245
986
534
509
978
705
920
902
574
704
59
154
755
219
910
142
45
341
153
725
251
588
948
217
375
88
553
393
587
260
441
93
559
558
538
572
764
223
573
750
422
760
522
593
497
191
681
130
872
367
103
821
177
224
744
851
545
334
225
411
862
200
651
743
81
770
926
980
602
813
605
81
399
623
848
187
146
108
920
634
323
463
718
474
904
90
549
774
510
50
654
486
901
546
605
128
797
117
695
658
921
635
780
883
400
751
694
743
935
817
185
849
208
384
57
583
626
813
416
208
359
523
366
486
840
306
513
144
606
236
101
241
870
673
588
112
223
718
479
456
196
858
675
485
493
705
193
939
432
656
385
951
264
111
430
115
106
692
99
374
701
337
155
635
431
974
92
209
341
894
969
296
224
438
291
817
355
48
515
829
163
229
618
851
887
670
390
404
176
542
931
384
709
898
584
291
945
662
20
588
923
386
893
996
375
89
243
301
799
638
6
769
776
126
297
127
215
972
748
150
52
729
861
458
369
312
42
926
984
399
932
346
1
220
130
500
868
445
425
613
230
491
835
581
679
617
112
70
775
659
223
399
961
543
483
690
975
425
724
137
732
99
578
984
691
405
496
519
812
342
178
718
688
742
498
49
944
784
659
941
626
716
701
273
566
557
643
899
396
429
656
486
887
675
472
408
964
440
985
430
576
674
944
988
146
485
275
325
494
279
108
947
595
830
182
781
455
37
487
837
588
908
512
56
285
360
204
478
390
724
979
546
348
175
16
234
966
111
931
240
583
995
902
905
918
911
329
183
276
479
811
253
318
4
344
461
276
527
548
598
856
507
212
909
34
562
812
346
550
810
208
856
950
185
639
259
530
484
502
931
352
744
75
222
978
156
219
40
700
602
766
617
437
442
825
898
776
328
407
759
672
118
227
177
536
712
992
795
136
84
836
188
41
956
99
534
210
630
620
820
923
638
883
116
50
796
878
403
340
840
179
508
948
100
933
792
589
511
305
155
504
816
223
729
333
366
216
95
583
209
36
609
582
346
474
432
840
794
202
818
2
165
239
970
87
942
134
497
635
712
598
602
467
882
360
863
124
711
342
160
159
970
259
316
628
792
294
132
690
328
706
393
989
937
232
41
896
972
586
584
682
37
768
382
651
885
157
583
774
102
910
214
929
602
595
602
970
304
330
301
407
661
663
113
819
639
595
422
925
977
205
757
508
487
983
773
369
45
810
283
910
447
230
685
648
827
718
349
905
792
507
693
658
761
451
195
21
305
6
82
34
868
513
119
816
260
438
694
376
984
265
267
527
514
391
31
200
240
45
499
977
949
306
177
37
173
13
601
296
260
841
191
77
954
168
711
968
160
820
809
850
862
476
429
369
394
477
990
714
137
908
845
642
160
923
168
951
400
581
274
853
866
901
802
355
579
4
464
840
634
413
67
551
813
277
799
496
994
81
509
267
210
758
967
138
843
210
706
330
111
697
965
961
71
778
962
235
232
817
126
359
377
939
978
789
823
796
494
79
313
885
808
429
802
202
862
780
863
259
885
294
606
539
401
339
968
290
492
892
71
221
79
671
870
643
18
951
255
970
404
902
92
564
538
692
36
959
505
135
611
541
567
117
43
336
237
224
749
776
541
592
45
503
180
978
892
968
390
809
582
780
357
205
858
611
377
934
549
359
131
472
384
368
53
3
219
717
539
668
734
813
121
483
689
649
561
288
622
52
286
120
467
549
128
3
826
539
932
273
829
247
567
869
422
894
387
908
309
31
184
434
557
929
793
404
893
522
955
319
80
29
468
366
675
431
91
257
73
926
460
125
285
824
284
746
459
137
513
43
919
409
852
990
253
957
692
555
78
344
720
933
614
736
713
676
304
904
66
758
524
375
384
348
935
279
24
435
940
418
793
576
579
351
553
250
364
489
377
695
288
922
860
691
228
804
780
41
474
674
396
396
629
653
299
20
547
57
635
824
509
188
204
195
939
155
975
519
956
868
389
115
670
271
241
105
447
872
686
822
301
641
644
803
672
872
928
870
426
349
278
34
868
638
525
62
384
569
241
307
679
75
613
907
596
668
342
639
859
763
686
313
590
261
986
185
509
726
416
340
688
369
188
795
191
69
645
564
568
389
201
595
769
996
385
934
114
889
732
332
707
948
438
829
619
421
988
90
216
369
570
689
8
728
254
745
419
510
362
420
569
133
329
736
662
206
920
333
283
948
7
625
285
338
279
131
139
283
730
352
250
755
673
845
757
258
321
35
715
361
607
89
613
2
557
152
864
119
630
784
536
936
182
789
715
171
750
469
889
62
20
129
92
172
13
820
881
677
365
377
807
881
829
923
792
331
829
25
902
47
181
86
845
884
119
107
15
360
522
921
112
50
676
268
814
522
478
325
21
250
91
163
442
202
911
232
933
429
741
890
413
934
817
903
827
24
978
633
540
239
604
879
740
560
539
38
728
387
449
448
710
268
621
798
338
663
924
748
655
202
873
722
835
959
485
434
352
886
809
877
211
359
826
109
595
20
340
662
813
193
989
712
502
871
563
24
490
856
464
812
924
677
151
122
10
686
817
999
286
106
13
819
156
184
280
434
195
300
439
149
491
161
296
594
78
189
736
829
800
612
116
495
814
864
877
519
571
819
12
110
822
196
694
415
837
371
141
249
849
236
127
650
398
906
259
50
784
123
62
1
457
244
934
438
212
358
44
568
562
851
561
342
675
831
863
327
153
154
121
612
836
587
446
242
223
795
880
637
987
16
677
516
693
288
36
203
286
158
459
156
440
127
44
422
839
338
539
951
508
657
483
240
544
605
629
175
703
219
884
825
486
874
278
337
88
813
763
697
134
609
285
624
606
536
639
629
486
391
93
748
306
410
160
647
397
617
400
685
69
560
128
707
372
593
503
424
890
816
195
587
743
827
8
778
887
131
304
94
235
989
578
34
782
570
938
48
622
426
998
218
133
439
65
932
168
595
155
545
556
91
28
935
661
791
263
14
512
584
938
30
283
683
251
548
56
972
541
416
125
541
926
911
216
678
175
33
355
189
986
522
143
553
515
596
587
502
325
15
918
244
534
306
82
271
970
611
218
817
219
113
573
235
352
145
172
520
278
80
745
11
224
116
601
173
772
895
429
641
111
900
67
584
766
472
544
124
635
416
115
488
906
728
15
551
218
255
623
10
782
300
998
791
596
568
592
800
346
56
745
827
741
377
707
553
664
818
977
804
9
579
724
478
511
184
456
325
627
121
340
997
294
207
767
624
843
656
109
222
842
47
863
403
947
304
526
608
686
968
975
86
94
624
184
125
867
948
299
848
427
58
470
234
149
322
128
622
795
520
663
955
12
139
940
747
548
453
594
608
8
256
832
420
803
137
352
196
246
318
784
840
258
487
445
948
168
97
720
890
195
728
69
331
864
85
801
913
166
728
750
399
352
537
576
717
690
668
715
538
952
376
872
189
172
766
787
703
877
959
253
894
412
352
429
994
772
587
804
420
555
50
491
691
585
856
741
80
961
626
407
85
241
104
425
227
60
999
553
165
897
536
655
15
569
446
569
380
131
164
754
870
697
784
576
694
847
392
32
102
788
814
126
922
27
516
234
67
342
824
842
630
491
770
376
333
519
133
893
693
212
553
80
319
848
701
163
892
510
197
64
799
725
996
511
673
912
773
101
807
245
755
108
802
516
113
317
33
155
936
964
336
163
282
172
238
19
128
648
240
926
934
522
876
358
173
692
289
904
331
951
453
83
810
537
616
345
496
130
631
305
300
231
652
137
914
608
352
461
481
30
813
445
507
693
99
470
434
389
264
461
117
181
362
279
67
195
14
324
59
931
70
915
789
740
77
87
788
185
669
655
822
551
265
955
425
48
547
990
392
124
704
541
438
979
769
890
87
771
992
865
800
737
562
628
974
375
512
727
15
817
970
898
130
934
906
284
512
39
567
764
528
537
572
540
875
880
621
43
113
99
507
592
400
547
258
350
365
513
450
752
206
378
763
685
847
98
604
681
941
953
267
147
22
579
143
422
515
445
4
91
581
303
890
300
988
235
153
975
792
687
835
924
765
149
754
20
857
442
212
340
616
478
962
930
329
776
782
250
236
982
830
823
806
405
598
761
46
555
326
376
954
164
486
225
781
975
331
990
178
143
868
538
849
144
16
313
110
207
317
167
798
762
516
911
219
193
229
776
648
198
293
812
714
364
355
191
809
661
106
37
611
434
136
127
449
224
293
155
694
893
150
963
193
568
756
505
391
407
181
318
873
138
427
22
446
524
892
194
737
584
186
489
567
204
975
201
759
878
742
309
173
368
355
355
867
545
318
2
642
942
47
670
967
425
356
534
878
479
98
942
742
578
135
131
693
48
133
81
378
985
456
779
635
623
191
312
59
745
461
691
160
880
437
654
602
980
231
634
967
242
871
312
31
395
840
171
48
718
271
6
960
90
146
696
437
79
321
764
995
727
139
655
496
691
361
944
478
911
738
744
790
864
358
449
782
639
243
841
92
210
85
522
973
354
780
826
349
317
268
439
662
710
949
212
735
344
801
112
456
172
795
990
723
8
80
660
506
251
432
81
617
722
633
940
206
706
205
899
486
453
974
28
448
762
673
412
957
724
119
925
785
5
539
106
400
961
908
223
968
725
971
518
368
842
745
408
110
609
817
140
114
701
706
483
997
998
388
448
502
564
465
943
786
139
795
438
186
571
900
633
961
479
170
138
523
317
402
86
618
229
481
268
862
211
82
694
732
777
405
562
182
322
645
174
948
46
610
191
655
927
923
951
23
348
780
104
824
327
743
78
526
354
80
75
752
208
367
861
170
405
401
522
565
247
460
334
61
755
376
342
183
255
670
373
175
718
80
809
861
974
517
337
430
476
388
771
843
292
832
174
467
896
410
393
915
627
898
758
909
798
485
960
665
945
222
71
888
464
932
327
373
671
674
454
911
914
197
392
924
422
538
600
801
216
641
992
350
691
671
676
197
644
393
442
39
777
582
399
333
544
849
660
569
412
958
36
663
137
887
562
951
705
51
163
870
689
222
403
214
677
387
530
257
976
924
8
369
490
770
840
576
267
865
672
805
284
577
892
760
646
822
768
458
493
404
407
930
61
361
130
629
537
596
545
885
37
149
79
698
724
923
788
180
721
1
917
956
102
319
744
316
402
759
867
574
71
191
625
308
237
147
407
464
273
452
238
211
171
822
523
880
461
252
60
906
676
22
702
527
8
259
673
697
301
469
43
431
715
937
931
719
155
395
967
458
551
580
149
556
74
932
458
571
102
973
271
534
245
479
707
281
870
537
244
967
580
344
200
993
388
663
618
541
402
863
992
768
990
416
964
502
880
740
481
178
725
995
674
369
126
445
482
207
742
706
886
940
435
195
508
159
797
822
691
840
472
901
345
380
416
287
446
558
117
285
702
77
28
424
839
658
179
894
438
645
39
507
955
303
613
961
189
467
708
484
554
695
598
472
282
311
873
142
467
487
423
927
607
840
750
933
865
698
876
110
127
386
338
62
881
729
9
897
248
700
44
724
552
453
716
463
140
181
540
906
802
252
909
470
433
920
802
582
623
625
891
561
114
306
807
501
505
878
507
834
23
801
142
3
788
423
851
309
667
154
919
326
721
499
916
868
546
540
670
143
544
532
474
487
73
664
830
727
677
773
356
915
67
321
738
742
499
502
470
964
233
237
203
906
235
993
785
524
338
723
975
726
856
58
937
813
89
453
964
502
335
347
650
857
985
952
802
647
571
359
730
317
884
183
399
762
210
681
365
440
603
963
635
915
785
734
272
441
810
470
267
368
34
902
101
130
431
725
516
88
507
447
192
181
971
848
825
241
454
640
865
332
800
586
767
809
549
743
442
801
305
137
647
736
525
458
872
12
539
552
627
294
599
579
699
250
373
915
201
963
283
38
424
650
394
46
892
180
278
862
328
486
198
168
567
53
332
431
575
326
321
532
828
477
92
146
447
772
399
836
810
255
790
480
477
195
607
643
970
863
199
220
738
516
227
248
50
830
653
954
865
79
172
500
585
998
362
146
997
991
171
240
646
254
994
720
92
931
900
170
828
637
221
722
105
726
652
499
795
333
617
4
357
104
332
995
277
442
511
855
429
271
654
584
158
40
812
300
161
236
863
536
710
354
826
178
920
695
158
110
874
918
711
582
115
605
371
222
283
107
491
583
101
41
685
151
94
815
554
121
276
979
80
114
138
332
233
616
647
265
699
839
155
508
614
5
693
78
228
943
247
368
758
493
586
421
723
616
160
987
777
324
478
701
86
853
525
357
55
479
641
237
813
338
922
477
142
81
716
183
501
308
506
268
384
257
396
273
891
863
489
42
470
822
498
388
135
352
349
629
266
682
324
182
197
895
695
722
50
350
906
509
650
445
953
750
593
199
833
108
346
548
225
833
786
172
148
610
760
908
74
993
139
180
444
969
991
10
141
325
952
944
275
789
677
707
363
785
296
280
968
858
17
758
274
351
916
249
987
990
152
348
625
853
516
684
620
175
166
562
422
202
498
981
11
942
634
253
103
414
988
301
275
831
724
800
274
401
267
184
845
617
82
731
591
184
84
884
181
923
104
135
116
202
668
430
226
183
760
761
172
466
901
316
698
435
266
407
543
608
531
727
34
431
423
588
163
904
843
243
897
726
781
704
925
432
811
537
284
851
151
101
479
103
515
521
164
310
856
465
835
851
904
71
354
628
859
431
266
357
844
321
947
455
333
515
514
267
414
116
758
236
138
223
147
972
879
121
688
857
144
993
892
536
274
296
631
272
327
469
229
986
452
796
865
207
379
742
3
62
503
156
893
236
303
795
232
710
743
449
617
130
936
876
757
917
314
476
691
682
538
370
294
954
348
556
768
961
602
7
376
415
891
949
592
933
167
746
208
864
319
729
393
744
716
597
798
418
25
816
827
893
644
915
992
335
679
982
145
658
305
472
791
957
76
187
492
531
247
255
727
14
799
442
45
259
435
314
859
275
680
588
401
133
609
718
89
93
271
128
18
236
195
683
624
433
775
551
312
388
37
750
486
477
580
474
410
900
389
157
932
7
932
588
307
64
465
833
601
961
724
497
197
181
845
484
98
34
62
821
535
797
561
666
926
246
514
532
455
46
929
622
743
144
474
470
369
17
316
165
730
367
997
733
445
841
495
577
869
536
898
259
38
964
878
554
202
424
450
853
678
266
209
480
113
996
512
616
480
417
403
245
91
75
36
231
291
65
617
627
113
774
414
479
400
17
826
634
999
263
424
622
767
981
597
998
546
561
480
547
320
836
709
323
212
909
403
174
943
385
401
141
435
726
641
672
755
485
834
349
57
458
484
37
27
466
361
56
348
720
544
286
164
968
882
95
61
409
744
779
857
929
704
905
6
989
912
975
920
34
842
539
430
492
80
959
17
6
822
737
273
783
25
590
192
857
546
78
775
19
463
531
864
377
603
631
65
622
763
445
76
221
596
770
997
562
517
798
385
734
127
923
121
962
153
440
225
657
8
42
692
499
578
908
276
518
528
744
666
120
505
45
505
568
741
342
396
558
800
771
838
991
511
47
380
334
689
465
308
365
283
127
284
171
985
603
94
172
415
381
947
763
19
544
232
331
695
429
817
279
568
916
856
476
5
555
501
125
852
294
916
644
927
269
243
897
692
86
214
244
329
263
710
40
834
867
235
436
360
292
856
773
52
892
844
860
720
844
564
24
347
672
750
488
653
57
143
449
613
690
926
371
148
137
821
82
553
652
264
317
517
388
736
404
653
865
115
875
881
783
531
34
357
886
543
15
379
17
677
90
61
578
663
591
818
111
453
539
718
651
445
721
858
632
959
128
582
240
443
464
367
519
217
88
655
34
489
393
978
901
269
79
425
87
995
263
774
612
653
574
636
683
154
644
261
562
726
80
52
944
157
90
962
682
359
124
925
936
342
993
393
302
728
784
591
10
598
83
433
960
70
99
889
565
210
954
193
286
447
513
856
290
422
543
191
306
737
746
499
141
119
172
278
17
622
962
204
248
910
12
667
200
245
408
113
305
666
217
343
513
854
615
254
390
615
813
688
47
806
203
959
335
170
319
158
148
888
682
748
974
542
259
164
279
984
316
46
278
75
944
406
928
767
990
289
773
652
480
671
625
926
28
726
328
437
182
271
451
628
21
630
949
522
809
388
905
586
703
589
435
671
280
261
536
716
378
327
364
595
451
688
228
138
753
990
620
607
244
158
424
853
79
152
322
370
272
339
544
952
3
189
378
774
49
243
209
471
947
952
646
100
514
737
632
236
704
252
312
610
349
312
108
219
912
644
62
917
615
280
82
395
575
713
644
805
506
828
851
201
585
751
182
377
365
383
169
421
5
432
647
590
792
885
127
133
174
208
566
375
265
780
856
832
694
738
824
650
135
802
331
686
446
414
273
921
256
233
920
287
282
4
919
835
404
706
132
684
644
48
409
334
203
654
852
164
597
666
538
765
973
531
364
456
787
295
648
949
189
93
660
535
455
374
146
608
760
378
781
898
616
919
94
209
821
290
733
624
727
264
13
617
710
585
526
438
381
734
897
789
234
59
579
479
139
43
62
340
788
541
359
744
652
917
116
698
850
197
981
746
484
861
532
287
11
983
635
754
511
468
318
214
610
136
824
117
183
396
633
500
38
476
707
297
634
829
296
666
564
386
614
658
57
268
522
684
517
173
913
984
381
989
659
168
159
393
530
837
841
325
66
781
997
96
604
15
250
228
786
992
362
442
253
806
251
975
317
665
994
517
409
553
927
810
962
224
257
122
499
615
980
965
693
818
641
657
961
722
37
866
721
603
537
520
481
159
710
488
311
263
453
228
697
768
372
730
738
83
271
176
904
87
33
601
612
926
354
877
370
828
481
958
356
429
387
699
316
863
33
320
582
367
222
363
768
447
512
127
16
685
220
344
321
478
967
887
137
792
145
327
46
833
324
903
549
926
263
961
975
332
638
244
500
202
543
531
944
81
763
231
588
95
656
725
952
801
817
618
911
666
537
646
465
16
683
289
872
222
31
747
26
441
14
453
290
559
938
99
524
639
711
929
500
233
667
602
270
271
679
631
103
313
443
905
242
232
756
696
212
237
241
279
559
6
684
867
340
299
57
175
391
45
586
97
314
550
306
242
903
584
968
380
812
881
273
327
344
303
198
897
360
518
863
837
102
995
290
213
517
556
825
811
61
680
534
75
547
802
613
213
860
886
747
409
617
296
615
982
534
128
537
124
562
231
507
284
164
763
745
128
373
404
139
914
875
99
102
957
778
940
15
450
513
825
454
653
530
92
924
44
433
832
364
873
178
206
920
512
261
10
248
512
531
96
87
385
46
38
234
603
54
528
563
28
907
893
671
49
174
642
753
510
814
876
900
692
11
69
218
531
243
975
23
41
531
828
180
522
176
391
518
680
988
381
187
468
55
952
829
791
269
312
148
880
910
747
732
484
421
42
472
905
742
344
733
906
81
196
997
829
967
120
425
972
576
242
840
962
872
649
64
178
609
323
929
498
785
815
958
617
527
884
158
189
513
45
424
553
861
923
267
687
849
402
656
272
449
592
391
298
861
597
110
22
804
999
953
607
385
498
14
397
448
114
481
29
335
276
856
104
56
233
322
716
31
707
240
919
315
401
640
697
54
292
929
774
622
76
203
396
63
949
94
349
136
770
69
767
165
774
642
857
869
292
47
850
544
250
830
494
836
228
214
119
739
949
248
578
527
192
460
406
762
258
179
963
38
933
165
895
517
376
438
270
973
585
259
713
780
739
80
350
745
48
547
199
997
304
8
728
913
604
50
863
807
344
816
879
394
250
458
660
778
976
921
547
216
275
526
731
439
562
238
158
800
575
217
142
465
540
705
278
958
753
208
392
452
236
928
977
85
819
792
77
62
226
969
591
224
807
156
955
296
414
673
634
36
120
923
306
632
169
772
232
730
882
90
31
750
17
321
150
430
202
313
719
431
969
766
568
780
590
181
678
432
27
30
912
982
235
200
842
171
701
822
81
753
497
390
423
979
890
613
620
289
532
921
868
975
503
890
441
809
658
875
863
857
449
606
27
305
534
829
658
707
420
620
852
502
590
346
94
92
29
438
393
892
644
947
822
322
122
728
426
98
949
213
945
788
144
383
419
750
777
974
108
337
806
811
987
369
198
770
742
235
619
516
128
701
969
152
846
301
114
698
246
922
232
255
281
6
542
383
862
807
355
616
841
357
358
53
391
752
582
477
113
824
223
630
471
273
416
528
761
763
614
135
966
751
484
287
955
127
598
681
308
951
4
421
864
870
473
138
608
88
138
174
263
569
793
510
878
481
121
499
200
402
807
272
638
735
145
280
718
184
836
48
543
161
104
884
203
504
921
206
286
24
790
428
914
394
585
694
309
600
472
565
95
640
290
843
873
723
505
693
794
81
827
144
425
572
937
756
718
755
478
548
297
419
773
316
106
493
18
223
812
868
59
184
518
595
672
39
597
108
645
438
530
299
298
544
337
494
451
584
478
695
726
746
765
752
535
814
92
849
703
437
807
544
963
547
435
927
331
495
340
137
46
2
343
635
161
389
699
911
874
286
232
715
72
465
680
277
482
340
671
851
868
660
201
719
718
565
181
939
689
236
143
502
248
933
926
833
267
707
470
492
349
393
318
124
113
942
290
306
968
490
101
21
418
762
791
694
234
929
575
303
141
190
191
110
650
525
741
232
955
502
347
385
809
674
930
912
408
137
205
525
174
800
860
601
507
213
249
880
296
863
922
171
673
122
869
482
858
248
47
231
257
371
8
602
960
555
847
502
676
619
886
954
173
805
164
824
49
833
444
567
196
721
994
143
369
205
965
519
171
288
474
264
184
185
782
55
43
204
73
826
622
443
241
572
335
509
981
222
518
854
172
387
426
194
303
938
418
395
231
714
246
621
483
116
487
11
612
432
869
315
902
971
60
503
572
550
24
858
19
292
770
663
221
48
184
719
529
754
781
915
973
104
194
149
161
304
309
64
228
614
840
206
959
690
978
116
654
602
326
801
178
733
164
290
738
661
361
861
331
51
237
111
642
883
614
289
432
278
312
339
177
923
691
770
580
797
146
588
875
922
138
535
663
937
431
486
664
358
32
376
229
980
173
730
769
239
921
977
61
679
184
817
222
642
615
333
748
80
136
783
911
6
373
122
878
722
683
768
976
11
224
336
935
203
236
731
466
873
610
531
46
549
169
479
593
291
463
626
831
592
570
783
654
948
357
950
529
414
352
576
546
499
352
727
136
501
663
486
305
609
135
54
699
971
556
389
266
41
456
364
25
158
214
503
940
35
162
475
706
416
324
894
675
553
68
918
716
212
779
763
958
316
249
578
601
114
811
806
917
59
382
697
787
541
915
790
900
458
67
222
796
421
90
826
398
477
908
143
544
896
999
336
938
745
131
257
505
818
23
68
793
940
89
912
47
648
762
249
105
647
689
661
805
300
208
525
894
865
541
187
153
227
866
971
517
607
277
940
281
688
981
654
998
267
54
391
433
37
717
439
86
49
364
273
327
195
185
404
583
827
68
847
247
467
977
716
228
160
167
952
298
426
681
844
113
439
140
980
168
462
378
213
116
469
600
698
375
29
551
671
591
486
719
583
516
180
674
901
364
997
109
668
156
604
746
720
919
404
762
565
987
427
374
729
854
256
601
53
886
794
540
622
740
691
792
397
583
237
846
715
888
515
831
758
72
629
899
683
621
572
915
832
272
504
796
295
742
503
490
248
106
244
811
748
851
540
844
796
332
992
849
812
800
682
56
243
471
793
324
395
485
85
385
715
450
717
998
160
545
302
299
22
266
158
947
904
612
805
739
147
642
180
462
685
719
772
716
933
2
868
17
927
828
56
234
186
119
91
803
569
509
492
544
182
623
752
308
292
723
978
724
605
801
414
587
982
482
498
695
34
669
726
920
615
10
835
925
663
395
461
194
463
381
947
791
199
719
620
704
664
63
320
98
408
943
694
908
142
724
716
818
153
566
557
215
580
545
456
434
289
175
453
856
888
248
297
853
621
307
479
337
890
801
898
432
950
985
412
984
464
188
799
467
556
280
323
407
625
939
250
592
958
862
798
350
16
193
258
72
136
343
582
452
241
415
973
280
935
394
163
978
472
337
660
862
191
608
488
323
642
417
758
280
718
944
678
271
853
872
631
983
874
456
11
162
125
838
630
431
424
710
734
550
747
554
196
48
789
82
447
140
247
665
342
916
227
55
887
404
54
580
483
280
765
870
75
817
656
763
376
175
615
284
69
750
553
132
216
514
615
816
860
785
682
207
306
636
903
124
403
7
731
542
495
703
229
659
707
800
256
121
945
623
930
282
399
563
740
869
740
306
12
862
433
409
141
344
754
554
206
157
307
755
311
642
141
51
417
126
216
867
187
552
759
767
247
862
983
337
172
261
221
392
448
484
158
146
357
195
228
127
125
665
627
82
621
222
533
284
572
112
76
450
878
192
131
263
714
139
515
507
433
827
301
771
646
388
384
271
885
49
801
764
182
551
213
373
176
595
974
853
781
281
543
389
865
31
79
242
456
184
273
297
398
5
487
704
945
752
523
52
849
138
842
783
994
517
422
87
144
746
518
934
255
391
549
606
628
951
313
412
888
988
571
684
772
239
329
580
102
316
342
20
840
335
834
723
67
640
811
765
550
561
598
604
364
25
171
768
661
895
72
469
607
999
1
217
104
687
305
71
61
10
669
158
783
118
950
167
16
939
294
865
854
665
966
612
287
410
458
955
208
852
183
53
442
986
907
790
88
576
838
909
928
536
356
415
984
605
985
39
621
885
246
382
463
836
664
215
744
762
681
231
697
525
420
63
988
77
773
35
867
838
860
929
183
210
890
679
414
726
997
119
351
987
208
129
127
519
128
389
561
903
873
502
656
234
58
296
545
375
679
790
616
296
34
888
594
120
649
228
954
161
288
280
340
491
473
740
99
168
873
865
747
620
370
807
929
311
609
102
665
255
865
561
300
129
727
951
212
892
874
919
848
316
136
350
456
641
594
672
422
837
45
772
709
74
380
177
774
208
350
518
575
503
496
126
546
669
234
220
645
559
116
581
83
607
936
412
988
362
700
615
906
395
314
121
78
273
441
823
600
891
561
257
282
46
955
697
956
537
749
100
783
634
504
317
22
526
208
243
182
400
926
836
658
863
820
804
341
942
950
306
953
112
176
357
784
884
105
779
180
685
862
979
302
242
64
333
604
72
876
27
533
343
192
339
182
200
869
907
377
976
139
987
809
782
570
840
88
422
742
964
976
516
304
693
806
856
473
585
302
846
472
549
117
421
27
88
970
297
906
199
70
842
569
778
904
896
272
730
330
461
842
482
885
608
657
528
559
586
661
27
831
674
581
310
728
62
884
203
129
483
482
421
518
998
451
573
866
444
135
587
144
819
427
380
62
519
177
331
829
140
831
886
186
145
828
650
142
437
15
31
302
13
430
172
922
184
543
702
614
927
689
365
155
209
907
161
159
360
517
750
961
7
194
986
722
974
707
829
26
802
990
617
987
695
149
685
179
925
742
825
43
265
798
91
921
695
522
75
258
516
664
711
484
731
440
636
626
800
474
360
747
962
301
374
380
53
863
842
652
598
910
822
227
172
678
12
608
668
771
58
629
361
435
30
97
803
689
262
282
861
49
84
194
650
200
960
979
774
246
881
178
224
464
164
252
21
50
845
240
261
749
171
510
550
976
734
727
490
201
71
486
880
86
217
843
637
124
721
841
490
415
947
123
542
389
945
333
33
318
411
281
977
623
692
398
989
424
746
332
560
50
186
703
674
421
187
679
713
573
601
708
709
716
631
705
597
315
504
852
384
449
216
943
268
478
405
465
880
169
766
701
357
497
887
143
128
312
336
264
685
127
81
188
791
16
198
516
645
810
64
476
569
4
258
838
912
969
899
165
379
648
534
594
343
123
719
78
508
127
965
330
400
248
542
653
737
563
513
987
669
724
527
868
426
907
80
364
693
983
863
623
409
153
260
780
849
300
472
641
42
229
329
469
551
787
744
357
801
293
419
825
527
359
119
590
711
908
582
428
576
863
56
866
756
117
578
630
852
463
474
75
57
543
370
235
275
860
375
742
807
413
412
194
319
181
677
28
336
834
225
982
581
119
797
240
927
440
884
226
59
428
256
120
428
130
808
498
470
815
408
709
817
226
946
466
428
640
9
28
728
332
593
677
348
841
387
40
171
168
798
278
121
865
925
303
494
217
41
69
286
446
771
996
694
453
39
90
949
542
75
782
558
231
136
242
650
240
920
195
486
510
330
21
434
637
800
418
85
915
746
220
528
484
215
247
763
53
25
156
862
868
885
657
341
56
710
620
312
144
202
940
84
318
832
218
757
66
546
148
257
360
484
803
802
881
681
329
101
422
448
505
65
312
921
741
269
589
291
427
455
808
54
589
502
422
817
903
809
488
106
762
227
654
521
360
755
641
960
648
2
355
507
727
685
937
457
936
640
266
236
323
92
127
197
286
369
80
915
179
518
778
881
750
265
331
907
331
110
713
938
348
986
363
646
455
815
342
781
394
602
980
119
403
204
592
983
770
496
889
541
172
902
694
305
42
893
969
226
772
408
482
660
418
670
190
708
931
214
399
453
57
924
257
247
941
109
479
44
853
367
814
142
169
493
772
284
272
712
956
475
333
665
78
594
389
888
844
14
827
784
301
150
65
834
50
301
757
323
884
866
465
791
393
17
723
735
314
84
670
958
45
560
705
586
708
113
616
196
717
615
859
727
907
455
218
711
336
688
759
314
683
561
217
279
902
374
235
331
657
859
861
511
7
616
23
724
275
520
640
817
393
110
253
48
144
282
384
600
390
534
824
317
688
178
359
272
674
941
234
973
176
206
443
802
129
583
392
862
342
941
596
136
734
718
355
134
770
368
112
2
554
485
332
757
459
761
94
115
899
224
973
135
296
952
596
517
54
467
744
598
560
41
589
755
43
768
530
954
238
257
8
483
379
496
689
257
191
536
740
645
552
56
247
795
919
975
693
585
543
994
529
312
905
688
878
166
138
821
625
620
516
5
926
685
557
960
156
673
107
731
376
844
838
270
225
996
573
877
898
686
172
332
784
637
529
421
707
277
714
392
457
89
86
211
50
263
848
919
677
883
360
304
466
214
507
894
532
473
289
866
50
748
640
717
208
354
368
145
870
884
803
214
517
113
138
755
113
267
585
198
463
411
688
958
956
241
891
128
788
26
753
513
708
324
632
761
896
27
109
486
202
359
669
176
603
280
252
281
488
581
279
472
854
433
633
439
281
299
435
721
173
454
252
889
466
192
983
51
891
937
571
487
480
122
745
402
377
568
890
351
49
216
202
14
78
17
913
324
985
751
964
877
76
416
254
824
96
94
749
96
187
473
494
923
863
78
116
42
364
588
133
891
312
527
207
276
608
5
849
746
151
302
424
916
917
252
13
683
721
48
46
551
622
912
488
119
526
258
585
128
246
280
125
846
338
223
216
993
26
894
157
495
565
191
972
141
339
515
693
1
648
700
7
58
945
592
423
191
539
209
752
51
318
734
427
916
791
812
111
679
765
30
790
496
459
704
163
716
528
191
505
502
47
536
286
36
817
846
214
1
428
323
676
722
599
74
651
77
187
23
508
795
699
233
300
254
1
740
540
951
427
696
600
301
176
365
797
14
463
767
32
304
970
738
588
334
785
222
845
521
663
100
156
213
388
807
174
75
6
550
450
583
185
964
926
691
769
895
114
564
938
259
529
978
305
561
375
782
506
143
993
778
109
244
694
857
758
9
932
770
25
229
459
227
883
720
705
922
153
555
669
570
515
623
236
420
749
217
114
965
836
602
853
499
156
267
520
690
708
425
348
636
799
504
867
5
135
117
779
104
744
759
188
796
643
616
486
331
970
628
67
46
627
430
636
256
982
307
502
941
871
951
299
887
380
284
798
820
210
96
890
965
471
964
842
154
154
152
356
80
156
22
893
739
667
185
531
333
966
830
569
200
782
232
626
862
581
730
535
185
729
980
551
810
952
391
972
366
652
479
40
740
645
953
505
786
163
848
54
132
532
291
614
374
829
570
541
7
613
471
268
362
306
866
102
440
470
267
628
855
737
872
315
38
792
994
496
925
857
662
421
806
569
582
205
523
998
813
698
871
476
620
658
52
805
143
794
204
404
387
988
691
659
834
767
372
540
177
556
834
349
279
59
517
705
528
614
305
125
457
627
177
850
788
28
984
170
583
936
724
395
187
593
603
317
530
874
761
557
3
375
45
375
166
737
189
659
656
374
449
580
475
728
615
1
504
569
981
898
957
489
192
156
981
695
698
531
114
539
434
8
940
483
758
448
329
973
15
485
763
552
367
990
689
607
642
80
587
253
412
357
820
850
244
640
686
930
84
768
455
171
613
973
353
27
193
450
671
689
982
868
885
623
977
29
564
931
65
894
255
166
374
561
195
196
133
51
754
782
387
460
401
519
600
16
89
241
563
320
58
32
610
592
453
53
77
436
594
792
20
126
904
308
858
717
349
829
60
114
65
247
640
713
785
830
276
919
762
17
838
868
25
849
734
459
219
218
288
799
658
557
373
538
972
373
257
836
55
237
135
585
650
991
999
125
