4.5,1.5,4.25,
0.0,4.75,4.75,
3.0,1.75,1.5,

2.25,2.5,1.25,
1.25,3.75,2.75,
3.75,0.25,2.0,

0.25,2.25,1.5,
1.25,3.5,1.5,
0.25,1.5,0.25,

0.175,0.1375,0.1,
0.0125,0.075,0.1375,
0.1875,0.025,0.0375,

0.9,0.45,0.85,
0.35,0.3,0.25,
0.4,0.8,0.15,

0.475,0.2,0.35,
0.275,0.375,0.125,
0.125,0.0,0.2,

0.3,0.85,0.3,
0.7,0.5,0.35,
0.15,0.55,0.6,

3.5,4.75,2.5,
4.5,0.75,4.5,
0.5,1.0,4.75,

0.075,0.1875,0.025,
0.2,0.1625,0.1375,
0.025,0.1,0.1875,

0.0,0.0,0.2,
0.9,0.45,0.7,
0.25,0.65,0.6,

0.15,0.8,0.7,
0.0,0.95,0.7,
0.8,0.4,0.0,

0.375,0.6875,0.375,
1.0,0.875,0.25,
0.5625,0.9375,0.1875,

0.75,2.125,0.375,
1.875,1.0,0.375,
0.375,0.0,0.75,

0.1,0.175,0.075,
0.025,0.25,0.275,
0.15,0.45,0.4,

1.75,0.625,0.75,
0.875,1.875,2.125,
1.125,0.625,0.25,

0.25,0.2,0.075,
0.425,0.0,0.35,
0.475,0.075,0.175,

1.1,0.4,1.1,
1.4,0.5,1.8,
1.2,0.9,0.9,

2.0,6.5,9.5,
5.5,9.0,9.5,
9.5,1.0,6.5,

0.45,0.7,0.95,
0.25,0.0,0.3,
0.9,0.35,0.45,

0.25,1.25,1.5,
2.25,1.75,4.75,
1.5,1.75,1.0,

0.0,1.5,9.5,
5.0,8.5,1.5,
1.0,4.0,2.5,

1.1875,0.875,0.5,
0.6875,1.125,0.8125,
0.4375,0.0,0.0,

4.5,3.0,7.5,
3.5,2.0,6.5,
6.0,7.0,5.5,

0.5,0.4375,1.1875,
0.625,0.75,0.25,
0.4375,0.1875,0.1875,

1.2,1.0,0.1,
1.6,1.6,0.1,
1.2,0.0,1.4,

0.4,0.0,0.375,
0.075,0.3,0.075,
0.425,0.15,0.05,

0.3,0.05,0.3,
0.2,0.3,0.1,
0.7,0.75,0.55,

0.0,0.9,0.05,
0.1,0.15,0.0,
0.95,0.7,0.0,

0.2,0.1625,0.075,
0.175,0.225,0.1625,
0.0625,0.075,0.2125,

0.5,0.8,0.5,
0.35,0.6,0.25,
0.4,0.55,0.9,

0.3,1.4,1.1,
0.6,0.8,1.5,
1.4,1.2,1.1,

1.0,0.25,0.75,
3.0,2.5,0.75,
0.75,0.5,4.25,

0.05,0.2,0.125,
0.0,0.0125,0.2,
0.1,0.0,0.0125,

0.75,0.25,0.25,
0.75,0.55,0.95,
0.15,0.8,0.3,

0.425,0.3,0.375,
0.375,0.4,0.025,
0.1,0.425,0.15,

1.9,1.0,0.6,
0.3,1.4,1.3,
1.7,1.6,1.5,

1.0,7.0,8.5,
8.0,2.0,7.0,
5.0,8.5,3.5,

0.425,0.325,0.2,
0.2,0.3,0.125,
0.25,0.475,0.2,

0.3125,0.4375,1.125,
0.625,0.5,0.8125,
0.375,1.125,0.6875,

0.075,0.1875,0.2125,
0.2125,0.2375,0.1375,
0.15,0.175,0.15,

0.0125,0.0375,0.1375,
0.0625,0.0375,0.1625,
0.1375,0.075,0.2125,

0.0,0.3,1.9,
1.3,1.1,0.3,
1.2,0.4,0.1,

